565 280 165 197 123 180 346 297 637 72 251 238 457 285 592 227 2 246 531 356 600 311 613 310 575 265 589 310 416 287 398 289 233 305 334 295 455 268 78 175 19 249 511 352 462 247 638 248 354 290 -1 -1 
565 280 165 197 123 180 346 297 637 72 251 238 457 285 2 246 592 227 600 311 613 310 575 265 531 356 416 287 334 295 233 305 589 310 398 289 511 352 19 249 455 268 78 175 462 247 225 231 638 248 -1 -1 
2 183 551 23 557 223 523 122 226 302 2 311 32 190 344 254 126 238 585 423 1 173 437 288 630 181 569 273 337 290 2 161 296 292 578 226 288 145 280 294 569 23 560 255 104 308 531 243 214 300 -1 -1 
2 183 551 23 226 302 522 122 557 223 2 311 32 190 126 238 344 254 1 173 585 423 437 288 569 273 337 290 2 161 630 181 560 254 578 226 288 145 104 308 569 23 296 292 280 294 214 299 336 274 -1 -1 
2 183 226 302 522 122 551 23 2 310 557 222 32 190 585 423 126 238 437 288 344 254 1 173 560 254 569 273 337 290 288 145 2 161 280 294 630 181 214 299 296 292 104 308 336 274 569 23 578 226 -1 -1 
553 11 542 255 584 430 2 225 2 308 100 235 204 302 509 117 77 307 417 289 2 154 561 226 323 254 268 144 549 274 617 180 275 292 536 233 215 294 1 177 316 290 316 274 321 244 70 225 258 294 -1 -1 
553 11 542 255 584 430 2 308 2 225 204 302 2 154 417 289 509 117 549 274 77 307 100 235 323 254 537 224 561 226 268 144 617 180 258 294 316 274 275 292 321 244 211 294 316 290 2 344 1 185 -1 -1 
542 255 553 11 2 308 584 430 2 225 501 242 549 274 204 302 417 289 509 117 2 154 536 233 100 235 77 307 323 254 617 179 258 294 316 290 211 294 1 176 316 274 561 226 268 144 321 244 275 292 -1 -1 
542 255 584 430 553 11 2 308 2 225 549 274 204 302 501 241 77 307 2 154 100 234 324 254 617 179 417 289 258 294 537 224 316 290 316 274 509 117 211 294 321 244 277 292 561 226 517 248 1 177 -1 -1 
577 440 596 440 517 256 459 256 485 59 519 276 2 145 2 217 169 301 387 290 600 175 537 226 286 299 293 253 61 230 292 243 226 294 547 439 29 219 156 298 357 388 286 274 243 291 238 141 531 34 -1 -1 
577 440 596 440 517 256 485 59 519 276 459 252 169 301 2 144 2 217 492 230 537 226 293 253 600 175 387 290 226 294 61 230 286 299 547 439 292 243 357 388 156 298 286 274 243 291 341 358 489 108 -1 -1 
577 440 596 440 517 256 485 59 519 275 459 256 2 217 2 144 169 301 492 230 537 226 387 290 293 253 61 230 226 294 599 176 547 439 286 299 357 388 292 243 156 297 243 291 29 219 238 141 286 274 -1 -1 
583 445 606 446 512 254 479 50 456 257 596 170 522 223 452 152 2 215 377 290 486 227 283 253 604 159 234 292 275 274 157 302 275 299 45 228 281 243 348 390 215 294 167 294 388 274 2 389 484 101 -1 -1 
572 446 595 446 2 222 502 254 585 171 583 445 446 258 469 50 442 151 272 253 366 289 510 223 476 227 32 228 264 299 203 294 216 139 145 302 221 292 337 390 264 274 270 242 2 142 14 306 131 298 -1 -1 
573 446 596 446 502 254 2 222 586 170 470 49 476 227 446 258 443 151 511 223 272 253 33 228 264 274 221 292 338 390 264 299 145 301 203 294 367 290 14 306 446 247 511 33 2 142 216 139 2 302 -1 -1 
573 446 596 446 502 254 2 222 586 170 470 49 583 445 511 223 443 151 475 227 446 245 264 274 367 289 338 390 272 253 203 294 145 301 14 306 32 227 264 299 221 292 446 258 511 33 2 142 271 242 -1 -1 
502 254 596 446 573 446 2 222 585 170 470 49 583 445 511 223 475 227 446 244 443 151 145 301 367 289 264 274 272 253 264 290 33 227 203 294 338 390 446 258 221 292 14 306 2 142 217 138 511 33 -1 -1 
570 447 497 254 593 447 2 223 580 170 505 223 469 227 580 446 442 244 465 47 438 148 24 227 360 289 266 253 258 299 196 294 137 301 210 138 264 242 2 141 214 292 505 33 124 297 331 391 258 274 -1 -1 
576 450 497 253 601 450 580 166 503 221 2 224 588 449 440 242 437 142 2 299 470 224 356 289 261 252 132 301 210 292 17 226 192 294 2 140 501 31 253 290 449 389 475 212 328 391 253 274 310 359 -1 -1 
495 251 473 229 580 161 583 456 2 224 436 132 493 219 2 303 611 456 349 288 472 273 507 219 2 341 447 389 469 211 254 251 547 148 513 463 496 29 2 136 245 289 2 244 201 290 414 172 123 300 -1 -1 
614 275 171 183 377 295 271 231 586 388 433 286 71 307 496 281 563 352 495 263 627 255 89 306 451 283 152 231 583 351 364 291 435 129 106 162 603 287 61 250 501 240 241 222 380 329 240 305 114 173 -1 -1 
614 275 171 183 377 295 271 231 433 286 586 388 497 289 627 255 451 283 495 263 152 231 563 352 71 307 89 306 583 351 502 240 364 291 435 129 115 173 61 250 241 222 385 287 603 287 234 158 240 305 -1 -1 
614 275 171 183 377 295 271 231 586 388 433 286 497 289 143 232 627 255 451 283 495 263 583 351 89 306 563 352 502 240 71 307 114 173 364 291 241 222 61 250 435 129 567 432 603 287 385 287 106 161 -1 -1 
610 276 599 432 371 296 624 256 264 230 47 250 568 362 79 306 162 181 491 282 445 284 142 229 427 287 92 235 593 392 490 264 430 129 68 307 359 293 104 169 228 157 190 308 345 300 496 241 590 369 -1 -1 
610 276 599 432 568 362 264 230 371 296 624 256 47 249 162 181 491 282 142 229 427 287 445 284 92 234 430 129 358 292 489 264 593 391 60 306 79 305 219 306 47 239 85 348 104 169 496 241 590 369 -1 -1 
610 276 46 249 162 180 599 432 564 353 491 282 624 255 371 296 264 230 92 234 445 284 133 230 427 287 593 391 60 306 358 292 430 129 489 264 79 305 47 239 104 169 219 306 497 241 257 304 85 348 -1 -1 
610 276 46 249 162 180 624 255 371 296 564 353 599 432 264 230 92 234 593 391 491 282 142 229 427 287 445 284 358 292 47 239 60 306 79 305 489 264 430 129 219 306 496 241 103 169 85 342 87 313 -1 -1 
609 276 623 255 43 249 160 180 370 296 89 234 76 306 262 230 490 291 357 293 488 264 563 353 443 284 139 229 58 306 44 239 495 241 426 287 637 303 379 288 596 289 226 157 101 168 372 330 251 304 -1 -1 
609 276 624 255 41 245 159 177 88 231 565 353 603 433 490 281 262 227 369 294 138 226 443 283 39 304 75 303 43 235 57 303 426 286 488 263 357 291 100 165 379 287 81 340 495 240 429 127 83 311 -1 -1 
600 276 74 231 602 436 615 255 26 245 62 304 361 296 557 354 252 228 481 282 479 264 148 176 595 394 434 284 126 227 44 304 348 293 629 302 370 288 593 353 206 306 43 314 416 287 216 155 587 288 -1 -1 
598 276 613 255 71 231 22 245 358 296 250 228 144 176 345 292 479 291 477 264 59 304 40 305 123 227 2 238 434 285 414 287 83 163 418 128 2 248 555 354 213 155 2 261 484 241 57 349 204 306 -1 -1 
368 230 266 415 200 369 418 228 141 30 344 231 230 412 474 392 599 462 2 203 96 75 186 368 211 361 230 458 247 439 201 66 231 443 137 321 444 422 603 398 261 363 587 244 93 58 124 333 469 401 -1 -1 
368 230 266 415 200 369 418 228 141 31 344 231 231 413 598 462 96 75 474 392 2 203 247 439 231 458 190 369 231 443 201 66 140 317 211 360 261 363 444 422 598 452 601 398 587 251 1 156 345 102 -1 -1 
2 183 551 23 557 223 523 122 226 302 2 311 32 190 344 254 126 238 585 423 1 173 437 288 630 181 569 273 337 290 2 161 296 292 578 226 288 145 280 294 569 23 560 255 104 308 531 243 214 300 -1 -1 
2 183 551 23 226 302 522 122 557 223 2 311 32 190 126 238 344 254 1 173 585 423 437 288 569 273 337 290 2 161 630 181 560 254 578 226 288 145 104 308 569 23 296 292 280 294 214 299 336 274 -1 -1 
2 183 226 302 522 122 551 23 2 310 557 222 32 190 585 423 126 238 437 288 344 254 1 173 560 254 569 273 337 290 288 145 2 161 280 294 630 181 214 299 296 292 104 308 336 274 569 23 578 226 -1 -1 
553 11 542 255 584 430 2 225 2 308 100 235 204 302 509 117 77 307 417 289 2 154 561 226 323 254 268 144 549 274 617 180 275 292 536 233 215 294 1 177 316 290 316 274 321 244 70 225 258 294 -1 -1 
553 11 542 255 584 430 2 308 2 225 204 302 2 154 417 289 509 117 549 274 77 307 100 235 323 254 537 224 561 226 268 144 617 180 258 294 316 274 275 292 321 244 211 294 316 290 2 344 1 185 -1 -1 
542 255 553 11 2 308 584 430 2 225 501 242 549 274 204 302 417 289 509 117 2 154 536 233 100 235 77 307 323 254 617 179 258 294 316 290 211 294 1 176 316 274 561 226 268 144 321 244 275 292 -1 -1 
542 255 584 430 553 11 2 308 2 225 549 274 204 302 501 241 77 307 2 154 100 234 324 254 617 179 417 289 258 294 537 224 316 290 316 274 509 117 211 294 321 244 277 292 561 226 517 248 1 177 -1 -1 
577 440 596 440 517 256 459 256 485 59 519 276 2 145 2 217 169 301 387 290 600 175 537 226 286 299 293 253 61 230 292 243 226 294 547 439 29 219 156 298 357 388 286 274 243 291 238 141 531 34 -1 -1 
577 440 596 440 517 256 485 59 519 276 459 252 169 301 2 144 2 217 492 230 537 226 293 253 600 175 387 290 226 294 61 230 286 299 547 439 292 243 357 388 156 298 286 274 243 291 341 358 489 108 -1 -1 
577 440 596 440 517 256 485 59 519 275 459 256 2 217 2 144 169 301 492 230 537 226 387 290 293 253 61 230 226 294 599 176 547 439 286 299 357 388 292 243 156 297 243 291 29 219 238 141 286 274 -1 -1 
583 445 606 446 512 254 479 50 456 257 596 170 522 223 452 152 2 215 377 290 486 227 283 253 604 159 234 292 275 274 157 302 275 299 45 228 281 243 348 390 215 294 167 294 388 274 2 389 484 101 -1 -1 
572 446 595 446 2 222 502 254 585 171 583 445 446 258 469 50 442 151 272 253 366 289 510 223 476 227 32 228 264 299 203 294 216 139 145 302 221 292 337 390 264 274 270 242 2 142 14 306 131 298 -1 -1 
573 446 596 446 502 254 2 222 586 170 470 49 476 227 446 258 443 151 511 223 272 253 33 228 264 274 221 292 338 390 264 299 145 301 203 294 367 290 14 306 446 247 511 33 2 142 216 139 2 302 -1 -1 
573 446 596 446 502 254 2 222 586 170 470 49 583 445 511 223 443 151 475 227 446 245 264 274 367 289 338 390 272 253 203 294 145 301 14 306 32 227 264 299 221 292 446 258 511 33 2 142 271 242 -1 -1 
502 254 596 446 573 446 2 222 585 170 470 49 583 445 511 223 475 227 446 244 443 151 145 301 367 289 264 274 272 253 264 290 33 227 203 294 338 390 446 258 221 292 14 306 2 142 217 138 511 33 -1 -1 
570 447 497 254 593 447 2 223 580 170 505 223 469 227 580 446 442 244 465 47 438 148 24 227 360 289 266 253 258 299 196 294 137 301 210 138 264 242 2 141 214 292 505 33 124 297 331 391 258 274 -1 -1 
576 450 497 253 601 450 580 166 503 221 2 224 588 449 440 242 437 142 2 299 470 224 356 289 261 252 132 301 210 292 17 226 192 294 2 140 501 31 253 290 449 389 475 212 328 391 253 274 310 359 -1 -1 
495 251 473 229 580 161 583 456 2 224 436 132 493 219 2 303 611 456 349 288 472 273 507 219 2 341 447 389 469 211 254 251 547 148 513 463 496 29 2 136 245 289 2 244 201 290 414 172 123 300 -1 -1 
614 275 171 183 377 295 271 231 586 388 433 286 71 307 496 281 563 352 495 263 627 255 89 306 451 283 152 231 583 351 364 291 435 129 106 162 603 287 61 250 501 240 241 222 380 329 240 305 114 173 -1 -1 
614 275 171 183 377 295 271 231 433 286 586 388 497 289 627 255 451 283 495 263 152 231 563 352 71 307 89 306 583 351 502 240 364 291 435 129 115 173 61 250 241 222 385 287 603 287 234 158 240 305 -1 -1 
614 275 171 183 377 295 271 231 586 388 433 286 497 289 143 232 627 255 451 283 495 263 583 351 89 306 563 352 502 240 71 307 114 173 364 291 241 222 61 250 435 129 567 432 603 287 385 287 106 161 -1 -1 
610 276 599 432 371 296 624 256 264 230 47 250 568 362 79 306 162 181 491 282 445 284 142 229 427 287 92 235 593 392 490 264 430 129 68 307 359 293 104 169 228 157 190 308 345 300 496 241 590 369 -1 -1 
610 276 599 432 568 362 264 230 371 296 624 256 47 249 162 181 491 282 142 229 427 287 445 284 92 234 430 129 358 292 489 264 593 391 60 306 79 305 219 306 47 239 85 348 104 169 496 241 590 369 -1 -1 
610 276 46 249 162 180 599 432 564 353 491 282 624 255 371 296 264 230 92 234 445 284 133 230 427 287 593 391 60 306 358 292 430 129 489 264 79 305 47 239 104 169 219 306 497 241 257 304 85 348 -1 -1 
610 276 46 249 162 180 624 255 371 296 564 353 599 432 264 230 92 234 593 391 491 282 142 229 427 287 445 284 358 292 47 239 60 306 79 305 489 264 430 129 219 306 496 241 103 169 85 342 87 313 -1 -1 
609 276 623 255 43 249 160 180 370 296 89 234 76 306 262 230 490 291 357 293 488 264 563 353 443 284 139 229 58 306 44 239 495 241 426 287 637 303 379 288 596 289 226 157 101 168 372 330 251 304 -1 -1 
609 276 624 255 41 245 159 177 88 231 565 353 603 433 490 281 262 227 369 294 138 226 443 283 39 304 75 303 43 235 57 303 426 286 488 263 357 291 100 165 379 287 81 340 495 240 429 127 83 311 -1 -1 
600 276 74 231 602 436 615 255 26 245 62 304 361 296 557 354 252 228 481 282 479 264 148 176 595 394 434 284 126 227 44 304 348 293 629 302 370 288 593 353 206 306 43 314 416 287 216 155 587 288 -1 -1 
598 276 613 255 71 231 22 245 358 296 250 228 144 176 345 292 479 291 477 264 59 304 40 305 123 227 2 238 434 285 414 287 83 163 418 128 2 248 555 354 213 155 2 261 484 241 57 349 204 306 -1 -1 
368 230 266 415 200 369 418 228 141 30 344 231 230 412 474 392 599 462 2 203 96 75 186 368 211 361 230 458 247 439 201 66 231 443 137 321 444 422 603 398 261 363 587 244 93 58 124 333 469 401 -1 -1 
368 230 266 415 200 369 418 228 141 31 344 231 231 413 598 462 96 75 474 392 2 203 247 439 231 458 190 369 231 443 201 66 140 317 211 360 261 363 444 422 598 452 601 398 587 251 1 156 345 102 -1 -1 
2 183 551 23 557 223 523 122 226 302 2 311 32 190 344 254 126 238 585 423 1 173 437 288 630 181 569 273 337 290 2 161 296 292 578 226 288 145 280 294 569 23 560 255 104 308 531 243 214 300 -1 -1 
2 183 551 23 226 302 522 122 557 223 2 311 32 190 126 238 344 254 1 173 585 423 437 288 569 273 337 290 2 161 630 181 560 254 578 226 288 145 104 308 569 23 296 292 280 294 214 299 336 274 -1 -1 
2 183 226 302 522 122 551 23 2 310 557 222 32 190 585 423 126 238 437 288 344 254 1 173 560 254 569 273 337 290 288 145 2 161 280 294 630 181 214 299 296 292 104 308 336 274 569 23 578 226 -1 -1 
553 11 542 255 584 430 2 225 2 308 100 235 204 302 509 117 77 307 417 289 2 154 561 226 323 254 268 144 549 274 617 180 275 292 536 233 215 294 1 177 316 290 316 274 321 244 70 225 258 294 -1 -1 
553 11 542 255 584 430 2 308 2 225 204 302 2 154 417 289 509 117 549 274 77 307 100 235 323 254 537 224 561 226 268 144 617 180 258 294 316 274 275 292 321 244 211 294 316 290 2 344 1 185 -1 -1 
542 255 553 11 2 308 584 430 2 225 501 242 549 274 204 302 417 289 509 117 2 154 536 233 100 235 77 307 323 254 617 179 258 294 316 290 211 294 1 176 316 274 561 226 268 144 321 244 275 292 -1 -1 
542 255 584 430 553 11 2 308 2 225 549 274 204 302 501 241 77 307 2 154 100 234 324 254 617 179 417 289 258 294 537 224 316 290 316 274 509 117 211 294 321 244 277 292 561 226 517 248 1 177 -1 -1 
577 440 596 440 517 256 459 256 485 59 519 276 2 145 2 217 169 301 387 290 600 175 537 226 286 299 293 253 61 230 292 243 226 294 547 439 29 219 156 298 357 388 286 274 243 291 238 141 531 34 -1 -1 
577 440 596 440 517 256 485 59 519 276 459 252 169 301 2 144 2 217 492 230 537 226 293 253 600 175 387 290 226 294 61 230 286 299 547 439 292 243 357 388 156 298 286 274 243 291 341 358 489 108 -1 -1 
577 440 596 440 517 256 485 59 519 275 459 256 2 217 2 144 169 301 492 230 537 226 387 290 293 253 61 230 226 294 599 176 547 439 286 299 357 388 292 243 156 297 243 291 29 219 238 141 286 274 -1 -1 
583 445 606 446 512 254 479 50 456 257 596 170 522 223 452 152 2 215 377 290 486 227 283 253 604 159 234 292 275 274 157 302 275 299 45 228 281 243 348 390 215 294 167 294 388 274 2 389 484 101 -1 -1 
572 446 595 446 2 222 502 254 585 171 583 445 446 258 469 50 442 151 272 253 366 289 510 223 476 227 32 228 264 299 203 294 216 139 145 302 221 292 337 390 264 274 270 242 2 142 14 306 131 298 -1 -1 
573 446 596 446 502 254 2 222 586 170 470 49 476 227 446 258 443 151 511 223 272 253 33 228 264 274 221 292 338 390 264 299 145 301 203 294 367 290 14 306 446 247 511 33 2 142 216 139 2 302 -1 -1 
573 446 596 446 502 254 2 222 586 170 470 49 583 445 511 223 443 151 475 227 446 245 264 274 367 289 338 390 272 253 203 294 145 301 14 306 32 227 264 299 221 292 446 258 511 33 2 142 271 242 -1 -1 
502 254 596 446 573 446 2 222 585 170 470 49 583 445 511 223 475 227 446 244 443 151 145 301 367 289 264 274 272 253 264 290 33 227 203 294 338 390 446 258 221 292 14 306 2 142 217 138 511 33 -1 -1 
570 447 497 254 593 447 2 223 580 170 505 223 469 227 580 446 442 244 465 47 438 148 24 227 360 289 266 253 258 299 196 294 137 301 210 138 264 242 2 141 214 292 505 33 124 297 331 391 258 274 -1 -1 
576 450 497 253 601 450 580 166 503 221 2 224 588 449 440 242 437 142 2 299 470 224 356 289 261 252 132 301 210 292 17 226 192 294 2 140 501 31 253 290 449 389 475 212 328 391 253 274 310 359 -1 -1 
495 251 473 229 580 161 583 456 2 224 436 132 493 219 2 303 611 456 349 288 472 273 507 219 2 341 447 389 469 211 254 251 547 148 513 463 496 29 2 136 245 289 2 244 201 290 414 172 123 300 -1 -1 
614 275 171 183 377 295 271 231 586 388 433 286 71 307 496 281 563 352 495 263 627 255 89 306 451 283 152 231 583 351 364 291 435 129 106 162 603 287 61 250 501 240 241 222 380 329 240 305 114 173 -1 -1 
614 275 171 183 377 295 271 231 433 286 586 388 497 289 627 255 451 283 495 263 152 231 563 352 71 307 89 306 583 351 502 240 364 291 435 129 115 173 61 250 241 222 385 287 603 287 234 158 240 305 -1 -1 
614 275 171 183 377 295 271 231 586 388 433 286 497 289 143 232 627 255 451 283 495 263 583 351 89 306 563 352 502 240 71 307 114 173 364 291 241 222 61 250 435 129 567 432 603 287 385 287 106 161 -1 -1 
610 276 599 432 371 296 624 256 264 230 47 250 568 362 79 306 162 181 491 282 445 284 142 229 427 287 92 235 593 392 490 264 430 129 68 307 359 293 104 169 228 157 190 308 345 300 496 241 590 369 -1 -1 
610 276 599 432 568 362 264 230 371 296 624 256 47 249 162 181 491 282 142 229 427 287 445 284 92 234 430 129 358 292 489 264 593 391 60 306 79 305 219 306 47 239 85 348 104 169 496 241 590 369 -1 -1 
610 276 46 249 162 180 599 432 564 353 491 282 624 255 371 296 264 230 92 234 445 284 133 230 427 287 593 391 60 306 358 292 430 129 489 264 79 305 47 239 104 169 219 306 497 241 257 304 85 348 -1 -1 
610 276 46 249 162 180 624 255 371 296 564 353 599 432 264 230 92 234 593 391 491 282 142 229 427 287 445 284 358 292 47 239 60 306 79 305 489 264 430 129 219 306 496 241 103 169 85 342 87 313 -1 -1 
609 276 623 255 43 249 160 180 370 296 89 234 76 306 262 230 490 291 357 293 488 264 563 353 443 284 139 229 58 306 44 239 495 241 426 287 637 303 379 288 596 289 226 157 101 168 372 330 251 304 -1 -1 
609 276 624 255 41 245 159 177 88 231 565 353 603 433 490 281 262 227 369 294 138 226 443 283 39 304 75 303 43 235 57 303 426 286 488 263 357 291 100 165 379 287 81 340 495 240 429 127 83 311 -1 -1 
600 276 74 231 602 436 615 255 26 245 62 304 361 296 557 354 252 228 481 282 479 264 148 176 595 394 434 284 126 227 44 304 348 293 629 302 370 288 593 353 206 306 43 314 416 287 216 155 587 288 -1 -1 
598 276 613 255 71 231 22 245 358 296 250 228 144 176 345 292 479 291 477 264 59 304 40 305 123 227 2 238 434 285 414 287 83 163 418 128 2 248 555 354 213 155 2 261 484 241 57 349 204 306 -1 -1 
368 230 266 415 200 369 418 228 141 30 344 231 230 412 474 392 599 462 2 203 96 75 186 368 211 361 230 458 247 439 201 66 231 443 137 321 444 422 603 398 261 363 587 244 93 58 124 333 469 401 -1 -1 
368 230 266 415 200 369 418 228 141 31 344 231 231 413 598 462 96 75 474 392 2 203 247 439 231 458 190 369 231 443 201 66 140 317 211 360 261 363 444 422 598 452 601 398 587 251 1 156 345 102 -1 -1 
122 232 35 95 100 231 181 233 179 108 99 93 169 440 595 11 79 395 637 64 153 418 11 435 206 242 304 466 618 31 122 431 46 414 626 50 608 27 55 424 176 97 276 419 88 94 207 193 210 416 -1 -1 
122 232 35 95 100 231 181 233 99 93 179 107 630 36 620 24 603 2 611 13 169 440 307 465 2 425 34 416 153 418 46 414 207 242 2 442 333 411 11 434 177 97 35 400 122 430 88 94 55 424 -1 -1 
122 232 35 95 99 231 179 108 180 233 99 93 635 11 628 1 2 435 316 431 169 440 206 242 604 439 298 467 152 418 35 400 45 414 88 94 33 416 122 431 207 193 2 423 24 408 177 98 458 220 -1 -1 
126 315 99 307 176 331 84 165 216 214 1 439 147 179 610 143 570 121 21 470 591 146 42 297 496 360 216 203 198 347 636 155 430 478 601 48 317 405 1 470 510 366 89 175 134 177 30 446 134 321 -1 -1 
126 234 38 98 103 233 182 109 107 96 184 235 210 244 172 442 82 397 334 414 157 420 385 409 630 440 91 96 214 418 39 402 126 433 14 437 179 99 329 426 211 194 233 427 38 418 317 456 482 195 -1 -1 
126 234 103 233 38 98 184 235 107 96 182 110 210 244 82 397 172 442 588 433 157 420 405 404 334 414 15 437 45 239 39 402 214 418 91 96 329 427 126 433 5 438 50 416 38 418 2 424 316 456 -1 -1 
125 234 103 233 394 242 184 235 38 98 102 95 583 452 182 110 557 459 210 244 464 450 334 414 415 413 172 441 2 425 14 437 83 397 45 239 157 420 394 201 214 418 39 402 341 461 429 406 317 465 -1 -1 
105 231 165 232 82 231 377 240 418 242 405 214 15 91 81 90 191 241 391 221 398 411 137 419 152 442 163 102 403 227 62 397 311 425 376 209 299 466 2 405 23 236 574 201 195 417 316 413 297 414 -1 -1 
105 231 377 240 83 231 165 232 417 243 405 214 15 91 81 90 437 400 163 105 391 221 191 241 376 209 152 442 398 411 299 466 61 397 195 417 2 405 137 419 404 227 23 236 214 419 297 414 259 420 -1 -1 
105 231 377 240 82 231 165 232 405 214 15 91 604 443 81 90 163 105 562 453 407 200 413 243 191 241 398 411 391 221 152 442 61 397 376 209 300 465 605 431 2 405 23 236 28 417 311 425 259 420 -1 -1 
176 240 390 141 530 200 420 123 501 127 622 172 541 138 228 281 519 131 407 117 1 30 409 138 381 128 419 149 410 192 401 402 366 130 400 129 185 262 621 208 410 425 350 132 372 153 1 18 631 217 -1 -1 
373 240 561 198 183 243 420 141 367 221 624 172 352 239 439 118 452 123 494 200 549 132 381 133 236 290 1 37 444 206 553 192 2 24 561 134 414 129 352 209 571 142 400 152 404 138 440 138 439 197 -1 -1 
387 240 186 243 352 239 575 199 435 142 2 52 2 26 2 37 566 133 380 213 579 134 239 291 588 143 397 134 468 123 455 138 508 201 457 118 430 129 448 130 452 190 567 193 435 162 457 206 613 145 -1 -1 
385 145 521 140 543 158 539 142 403 137 541 175 386 165 499 168 336 241 498 192 406 126 531 157 420 127 508 134 163 241 394 174 616 210 372 139 505 183 402 192 555 201 411 145 515 149 361 137 496 133 -1 -1 
542 160 387 145 517 140 338 241 499 194 401 133 421 128 541 138 388 165 530 139 408 141 539 148 541 177 409 123 376 143 508 185 506 135 500 168 396 174 163 241 527 151 374 375 554 201 366 136 404 192 -1 -1 
343 241 542 167 527 207 392 147 522 148 405 135 538 151 555 207 502 199 371 137 502 174 381 144 329 240 165 241 485 126 539 177 416 148 508 189 413 125 394 166 508 145 610 427 425 130 388 135 401 176 -1 -1 
576 450 497 253 601 450 580 166 503 221 2 224 588 449 440 242 437 142 2 299 470 224 356 289 261 252 132 301 210 292 17 226 192 294 2 140 501 31 253 290 449 389 475 212 328 391 253 274 310 359 -1 -1 
495 251 473 229 580 161 583 456 2 224 436 132 493 219 2 303 611 456 349 288 472 273 507 219 2 341 447 389 469 211 254 251 547 148 513 463 496 29 2 136 245 289 2 244 201 290 414 172 123 300 -1 -1 
614 275 171 183 377 295 271 231 586 388 433 286 71 307 496 281 563 352 495 263 627 255 89 306 451 283 152 231 583 351 364 291 435 129 106 162 603 287 61 250 501 240 241 222 380 329 240 305 114 173 -1 -1 
614 275 171 183 377 295 271 231 433 286 586 388 497 289 627 255 451 283 495 263 152 231 563 352 71 307 89 306 583 351 502 240 364 291 435 129 115 173 61 250 241 222 385 287 603 287 234 158 240 305 -1 -1 
614 275 171 183 377 295 271 231 586 388 433 286 497 289 143 232 627 255 451 283 495 263 583 351 89 306 563 352 502 240 71 307 114 173 364 291 241 222 61 250 435 129 567 432 603 287 385 287 106 161 -1 -1 
610 276 599 432 371 296 624 256 264 230 47 250 568 362 79 306 162 181 491 282 445 284 142 229 427 287 92 235 593 392 490 264 430 129 68 307 359 293 104 169 228 157 190 308 345 300 496 241 590 369 -1 -1 
610 276 599 432 568 362 264 230 371 296 624 256 47 249 162 181 491 282 142 229 427 287 445 284 92 234 430 129 358 292 489 264 593 391 60 306 79 305 219 306 47 239 85 348 104 169 496 241 590 369 -1 -1 
610 276 46 249 162 180 599 432 564 353 491 282 624 255 371 296 264 230 92 234 445 284 133 230 427 287 593 391 60 306 358 292 430 129 489 264 79 305 47 239 104 169 219 306 497 241 257 304 85 348 -1 -1 
610 276 46 249 162 180 624 255 371 296 564 353 599 432 264 230 92 234 593 391 491 282 142 229 427 287 445 284 358 292 47 239 60 306 79 305 489 264 430 129 219 306 496 241 103 169 85 342 87 313 -1 -1 
609 276 623 255 43 249 160 180 370 296 89 234 76 306 262 230 490 291 357 293 488 264 563 353 443 284 139 229 58 306 44 239 495 241 426 287 637 303 379 288 596 289 226 157 101 168 372 330 251 304 -1 -1 
609 276 624 255 41 245 159 177 88 231 565 353 603 433 490 281 262 227 369 294 138 226 443 283 39 304 75 303 43 235 57 303 426 286 488 263 357 291 100 165 379 287 81 340 495 240 429 127 83 311 -1 -1 
600 276 74 231 602 436 615 255 26 245 62 304 361 296 557 354 252 228 481 282 479 264 148 176 595 394 434 284 126 227 44 304 348 293 629 302 370 288 593 353 206 306 43 314 416 287 216 155 587 288 -1 -1 
598 276 613 255 71 231 22 245 358 296 250 228 144 176 345 292 479 291 477 264 59 304 40 305 123 227 2 238 434 285 414 287 83 163 418 128 2 248 555 354 213 155 2 261 484 241 57 349 204 306 -1 -1 
