0 0 0.3125 0.4166666666666667 1
0 0 0.3125 0.4166666666666667 1
0 0 0.3125 0.4166666666666667 1
0 0 0.3125 0.4166666666666667 1
0 0 0.3125 0.4166666666666667 1
0 0 0.3125 0.4166666666666667 1
0 0 0.3125 0.4166666666666667 1
0 0 0.3125 0.4166666666666667 1
0 0 0.3125 0.4166666666666667 1
0 0 0.3125 0.4166666666666667 1
0 0 0.3125 0.4166666666666667 1
0 0 0.3125 0.4166666666666667 1
0 0 0.3125 0.4166666666666667 1
0 0 0.3125 0.4166666666666667 1
0 0 0.3125 0.4166666666666667 1
0 0 0.3125 0.4166666666666667 1
0 0 0.3125 0.4166666666666667 1
0 0 0.3125 0.4166666666666667 1
0 0 0.3125 0.4166666666666667 1
0 0 0.3125 0.4166666666666667 1
0 0 0.3125 0.4166666666666667 1
0 0 0.3125 0.4166666666666667 1
0 0 0.3125 0.4166666666666667 1
0 0 0.3125 0.4166666666666667 1
0 0 0.3125 0.4166666666666667 1
0 0 0.3125 0.4166666666666667 1
0 0 0.3125 0.4166666666666667 1
0 0 0.3125 0.4166666666666667 1
0 0 0.3125 0.4166666666666667 1
0 0 0.3125 0.4166666666666667 1
0 0 0.3125 0.4166666666666667 1
0 0 0.3125 0.4166666666666667 1
0 0 0.3125 0.4166666666666667 1
0 0 0.3125 0.4166666666666667 1
0 0 0.3125 0.4166666666666667 1
0 0 0.3125 0.4166666666666667 1
0 0 0.3125 0.4166666666666667 1
0 0 0.3125 0.4166666666666667 1
0 0 0.3125 0.4166666666666667 1
0 0 0.3125 0.4166666666666667 1
0 0 0.3125 0.4166666666666667 1
0 0 0.3125 0.4166666666666667 1
0 0 0.3125 0.4166666666666667 1
0 0 0.3125 0.4166666666666667 1
0 0 0.3125 0.4166666666666667 1
0 0 0.3125 0.4166666666666667 1
0 0 0.3125 0.4166666666666667 1
0 0 0.3125 0.4166666666666667 1
0 0 0.3125 0.4166666666666667 1
0 0 0.3125 0.4166666666666667 1
8000 -2100 12.8125 -3.9583333333333335 1
8000 -2100 12.8125 -3.9583333333333335 1
8000 -2100 12.8125 -3.9583333333333335 1
8000 -2100 12.8125 -3.9583333333333335 1
8000 -2100 12.8125 -3.9583333333333335 1
8000 -2100 12.8125 -3.9583333333333335 1
8000 -2100 12.8125 -3.9583333333333335 1
8000 -2100 12.8125 -3.9583333333333335 1
8000 -2100 12.8125 -3.9583333333333335 1
8000 -2100 12.8125 -3.9583333333333335 1
8000 -2100 12.8125 -3.9583333333333335 1
8000 -2100 12.8125 -3.9583333333333335 1
8000 -2100 12.8125 -3.9583333333333335 1
8000 -2100 12.8125 -3.9583333333333335 1
8000 -2100 12.8125 -3.9583333333333335 1
8000 -2100 12.8125 -3.9583333333333335 1
8000 -2100 12.8125 -3.9583333333333335 1
8000 -2100 12.8125 -3.9583333333333335 1
8000 -2100 12.8125 -3.9583333333333335 1
8000 -2100 12.8125 -3.9583333333333335 1
8000 -2100 12.8125 -3.9583333333333335 1
8000 -2100 12.8125 -3.9583333333333335 1
8000 -2100 12.8125 -3.9583333333333335 1
8000 -2100 12.8125 -3.9583333333333335 1
8000 -2100 12.8125 -3.9583333333333335 1
8100 -2100 12.96875 -3.9583333333333335 1
8100 -2100 12.96875 -3.9583333333333335 1
8100 -2100 12.96875 -3.9583333333333335 1
8100 -2100 12.96875 -3.9583333333333335 1
8100 -2100 12.96875 -3.9583333333333335 1
8100 -2100 12.96875 -3.9583333333333335 1
8100 -2100 12.96875 -3.9583333333333335 1
8100 -2100 12.96875 -3.9583333333333335 1
8100 -2100 12.96875 -3.9583333333333335 1
8100 -2100 12.96875 -3.9583333333333335 1
8100 -2100 12.96875 -3.9583333333333335 1
8100 -2100 12.96875 -3.9583333333333335 1
8100 -2100 12.96875 -3.9583333333333335 1
8100 -2100 12.96875 -3.9583333333333335 1
8100 -2100 12.96875 -3.9583333333333335 1
8100 -2100 12.96875 -3.9583333333333335 1
8100 -2100 12.96875 -3.9583333333333335 1
8100 -2100 12.96875 -3.9583333333333335 1
8100 -2100 12.96875 -3.9583333333333335 1
8100 -2100 12.96875 -3.9583333333333335 1
8100 -2100 12.96875 -3.9583333333333335 1
8100 -2100 12.96875 -3.9583333333333335 1
8100 -2100 12.96875 -3.9583333333333335 1
8100 -2100 12.96875 -3.9583333333333335 1
8100 -2100 12.96875 -3.9583333333333335 1
8400 -2200 13.4375 -4.166666666666667 1
8400 -2200 13.4375 -4.166666666666667 1
8400 -2200 13.4375 -4.166666666666667 1
8400 -2200 13.4375 -4.166666666666667 1
8400 -2200 13.4375 -4.166666666666667 1
8400 -2200 13.4375 -4.166666666666667 1
8400 -2200 13.4375 -4.166666666666667 1
8400 -2200 13.4375 -4.166666666666667 1
8400 -2200 13.4375 -4.166666666666667 1
8400 -2200 13.4375 -4.166666666666667 1
8400 -2200 13.4375 -4.166666666666667 1
8400 -2200 13.4375 -4.166666666666667 1
8400 -2200 13.4375 -4.166666666666667 1
8400 -2200 13.4375 -4.166666666666667 1
8400 -2200 13.4375 -4.166666666666667 1
8400 -2200 13.4375 -4.166666666666667 1
8400 -2200 13.4375 -4.166666666666667 1
8400 -2200 13.4375 -4.166666666666667 1
8400 -2200 13.4375 -4.166666666666667 1
8400 -2200 13.4375 -4.166666666666667 1
8400 -2200 13.4375 -4.166666666666667 1
8400 -2200 13.4375 -4.166666666666667 1
8400 -2200 13.4375 -4.166666666666667 1
8400 -2200 13.4375 -4.166666666666667 1
8400 -2200 13.4375 -4.166666666666667 1
8400 -2200 13.4375 -4.166666666666667 1
8400 -2200 13.4375 -4.166666666666667 1
8400 -2200 13.4375 -4.166666666666667 1
8400 -2200 13.4375 -4.166666666666667 1
8400 -2200 13.4375 -4.166666666666667 1
8400 -2200 13.4375 -4.166666666666667 1
8400 -2200 13.4375 -4.166666666666667 1
8400 -2200 13.4375 -4.166666666666667 1
8400 -2200 13.4375 -4.166666666666667 1
8400 -2200 13.4375 -4.166666666666667 1
8400 -2200 13.4375 -4.166666666666667 1
8400 -2200 13.4375 -4.166666666666667 1
8400 -2200 13.4375 -4.166666666666667 1
8400 -2200 13.4375 -4.166666666666667 1
8400 -2200 13.4375 -4.166666666666667 1
8400 -2200 13.4375 -4.166666666666667 1
8400 -2200 13.4375 -4.166666666666667 1
8400 -2200 13.4375 -4.166666666666667 1
8400 -2200 13.4375 -4.166666666666667 1
8400 -2200 13.4375 -4.166666666666667 1
8400 -2200 13.4375 -4.166666666666667 1
8400 -2200 13.4375 -4.166666666666667 1
8400 -2200 13.4375 -4.166666666666667 1
8400 -2200 13.4375 -4.166666666666667 1
8400 -2200 13.4375 -4.166666666666667 1
8500 -2300 13.59375 -4.375 1
8500 -2300 13.59375 -4.375 1
8500 -2300 13.59375 -4.375 1
8500 -2300 13.59375 -4.375 1
8500 -2300 13.59375 -4.375 1
8500 -2300 13.59375 -4.375 1
8500 -2300 13.59375 -4.375 1
8500 -2300 13.59375 -4.375 1
8500 -2300 13.59375 -4.375 1
8500 -2300 13.59375 -4.375 1
8500 -2300 13.59375 -4.375 1
8500 -2300 13.59375 -4.375 1
8500 -2300 13.59375 -4.375 1
8500 -2300 13.59375 -4.375 1
8500 -2300 13.59375 -4.375 1
8500 -2300 13.59375 -4.375 1
8500 -2300 13.59375 -4.375 1
8500 -2300 13.59375 -4.375 1
8500 -2300 13.59375 -4.375 1
8500 -2300 13.59375 -4.375 1
8500 -2300 13.59375 -4.375 1
8500 -2300 13.59375 -4.375 1
8500 -2300 13.59375 -4.375 1
8500 -2300 13.59375 -4.375 1
8500 -2300 13.59375 -4.375 1
8600 -2300 13.75 -4.375 1
8600 -2300 13.75 -4.375 1
8600 -2300 13.75 -4.375 1
8600 -2300 13.75 -4.375 1
8600 -2300 13.75 -4.375 1
8600 -2300 13.75 -4.375 1
8600 -2300 13.75 -4.375 1
8600 -2300 13.75 -4.375 1
8600 -2300 13.75 -4.375 1
8600 -2300 13.75 -4.375 1
8600 -2300 13.75 -4.375 1
8600 -2300 13.75 -4.375 1
8600 -2300 13.75 -4.375 1
8600 -2300 13.75 -4.375 1
8600 -2300 13.75 -4.375 1
8600 -2300 13.75 -4.375 1
8600 -2300 13.75 -4.375 1
8600 -2300 13.75 -4.375 1
8600 -2300 13.75 -4.375 1
8600 -2300 13.75 -4.375 1
8600 -2300 13.75 -4.375 1
8600 -2300 13.75 -4.375 1
8600 -2300 13.75 -4.375 1
8600 -2300 13.75 -4.375 1
8600 -2300 13.75 -4.375 1
8900 -2400 14.21875 -4.583333333333333 1
8900 -2400 14.21875 -4.583333333333333 1
8900 -2400 14.21875 -4.583333333333333 1
8900 -2400 14.21875 -4.583333333333333 1
8900 -2400 14.21875 -4.583333333333333 1
8900 -2400 14.21875 -4.583333333333333 1
8900 -2400 14.21875 -4.583333333333333 1
8900 -2400 14.21875 -4.583333333333333 1
8900 -2400 14.21875 -4.583333333333333 1
8900 -2400 14.21875 -4.583333333333333 1
8900 -2400 14.21875 -4.583333333333333 1
8900 -2400 14.21875 -4.583333333333333 1
8900 -2400 14.21875 -4.583333333333333 1
8900 -2400 14.21875 -4.583333333333333 1
8900 -2400 14.21875 -4.583333333333333 1
8900 -2400 14.21875 -4.583333333333333 1
8900 -2400 14.21875 -4.583333333333333 1
8900 -2400 14.21875 -4.583333333333333 1
8900 -2400 14.21875 -4.583333333333333 1
8900 -2400 14.21875 -4.583333333333333 1
8900 -2400 14.21875 -4.583333333333333 1
8900 -2400 14.21875 -4.583333333333333 1
8900 -2400 14.21875 -4.583333333333333 1
8900 -2400 14.21875 -4.583333333333333 1
8900 -2400 14.21875 -4.583333333333333 1
9000 -2500 14.375 -4.791666666666667 1
9000 -2500 14.375 -4.791666666666667 1
9000 -2500 14.375 -4.791666666666667 1
9000 -2500 14.375 -4.791666666666667 1
9000 -2500 14.375 -4.791666666666667 1
9000 -2500 14.375 -4.791666666666667 1
9000 -2500 14.375 -4.791666666666667 1
9000 -2500 14.375 -4.791666666666667 1
9000 -2500 14.375 -4.791666666666667 1
9000 -2500 14.375 -4.791666666666667 1
9000 -2500 14.375 -4.791666666666667 1
9000 -2500 14.375 -4.791666666666667 1
9000 -2500 14.375 -4.791666666666667 1
9000 -2500 14.375 -4.791666666666667 1
9000 -2500 14.375 -4.791666666666667 1
9000 -2500 14.375 -4.791666666666667 1
9000 -2500 14.375 -4.791666666666667 1
9000 -2500 14.375 -4.791666666666667 1
9000 -2500 14.375 -4.791666666666667 1
9000 -2500 14.375 -4.791666666666667 1
9000 -2500 14.375 -4.791666666666667 1
9000 -2500 14.375 -4.791666666666667 1
9000 -2500 14.375 -4.791666666666667 1
9000 -2500 14.375 -4.791666666666667 1
9000 -2500 14.375 -4.791666666666667 1
9100 -2500 14.53125 -4.791666666666667 1
9100 -2500 14.53125 -4.791666666666667 1
9100 -2500 14.53125 -4.791666666666667 1
9100 -2500 14.53125 -4.791666666666667 1
9100 -2500 14.53125 -4.791666666666667 1
9100 -2500 14.53125 -4.791666666666667 1
9100 -2500 14.53125 -4.791666666666667 1
9100 -2500 14.53125 -4.791666666666667 1
9100 -2500 14.53125 -4.791666666666667 1
9100 -2500 14.53125 -4.791666666666667 1
9100 -2500 14.53125 -4.791666666666667 1
9100 -2500 14.53125 -4.791666666666667 1
9100 -2500 14.53125 -4.791666666666667 1
9100 -2500 14.53125 -4.791666666666667 1
9100 -2500 14.53125 -4.791666666666667 1
9100 -2500 14.53125 -4.791666666666667 1
9100 -2500 14.53125 -4.791666666666667 1
9100 -2500 14.53125 -4.791666666666667 1
9100 -2500 14.53125 -4.791666666666667 1
9100 -2500 14.53125 -4.791666666666667 1
9100 -2500 14.53125 -4.791666666666667 1
9100 -2500 14.53125 -4.791666666666667 1
9100 -2500 14.53125 -4.791666666666667 1
9100 -2500 14.53125 -4.791666666666667 1
9100 -2500 14.53125 -4.791666666666667 1
9300 -2600 14.84375 -5.0 1
9300 -2600 14.84375 -5.0 1
9300 -2600 14.84375 -5.0 1
9300 -2600 14.84375 -5.0 1
9300 -2600 14.84375 -5.0 1
9300 -2600 14.84375 -5.0 1
9300 -2600 14.84375 -5.0 1
9300 -2600 14.84375 -5.0 1
9300 -2600 14.84375 -5.0 1
9300 -2600 14.84375 -5.0 1
9300 -2600 14.84375 -5.0 1
9300 -2600 14.84375 -5.0 1
9300 -2600 14.84375 -5.0 1
9300 -2600 14.84375 -5.0 1
9300 -2600 14.84375 -5.0 1
9300 -2600 14.84375 -5.0 1
9300 -2600 14.84375 -5.0 1
9300 -2600 14.84375 -5.0 1
9300 -2600 14.84375 -5.0 1
9300 -2600 14.84375 -5.0 1
9300 -2600 14.84375 -5.0 1
9300 -2600 14.84375 -5.0 1
9300 -2600 14.84375 -5.0 1
9300 -2600 14.84375 -5.0 1
9300 -2600 14.84375 -5.0 1
9600 -2700 15.3125 -5.208333333333333 1
9600 -2700 15.3125 -5.208333333333333 1
9600 -2700 15.3125 -5.208333333333333 1
9600 -2700 15.3125 -5.208333333333333 1
9600 -2700 15.3125 -5.208333333333333 1
9600 -2700 15.3125 -5.208333333333333 1
9600 -2700 15.3125 -5.208333333333333 1
9600 -2700 15.3125 -5.208333333333333 1
9600 -2700 15.3125 -5.208333333333333 1
9600 -2700 15.3125 -5.208333333333333 1
9600 -2700 15.3125 -5.208333333333333 1
9600 -2700 15.3125 -5.208333333333333 1
9600 -2700 15.3125 -5.208333333333333 1
9600 -2700 15.3125 -5.208333333333333 1
9600 -2700 15.3125 -5.208333333333333 1
9600 -2700 15.3125 -5.208333333333333 1
9600 -2700 15.3125 -5.208333333333333 1
9600 -2700 15.3125 -5.208333333333333 1
9600 -2700 15.3125 -5.208333333333333 1
9600 -2700 15.3125 -5.208333333333333 1
9600 -2700 15.3125 -5.208333333333333 1
9600 -2700 15.3125 -5.208333333333333 1
9600 -2700 15.3125 -5.208333333333333 1
9600 -2700 15.3125 -5.208333333333333 1
9600 -2700 15.3125 -5.208333333333333 1
9700 -2800 15.46875 -5.416666666666667 1
9700 -2800 15.46875 -5.416666666666667 1
9700 -2800 15.46875 -5.416666666666667 1
9700 -2800 15.46875 -5.416666666666667 1
9700 -2800 15.46875 -5.416666666666667 1
9700 -2800 15.46875 -5.416666666666667 1
9700 -2800 15.46875 -5.416666666666667 1
9700 -2800 15.46875 -5.416666666666667 1
9700 -2800 15.46875 -5.416666666666667 1
9700 -2800 15.46875 -5.416666666666667 1
9700 -2800 15.46875 -5.416666666666667 1
9700 -2800 15.46875 -5.416666666666667 1
9700 -2800 15.46875 -5.416666666666667 1
9700 -2800 15.46875 -5.416666666666667 1
9700 -2800 15.46875 -5.416666666666667 1
9700 -2800 15.46875 -5.416666666666667 1
9700 -2800 15.46875 -5.416666666666667 1
9700 -2800 15.46875 -5.416666666666667 1
9700 -2800 15.46875 -5.416666666666667 1
9700 -2800 15.46875 -5.416666666666667 1
9700 -2800 15.46875 -5.416666666666667 1
9700 -2800 15.46875 -5.416666666666667 1
9700 -2800 15.46875 -5.416666666666667 1
9700 -2800 15.46875 -5.416666666666667 1
9700 -2800 15.46875 -5.416666666666667 1
9800 -2900 15.625 -5.625 1
9800 -2900 15.625 -5.625 1
9800 -2900 15.625 -5.625 1
9800 -2900 15.625 -5.625 1
9800 -2900 15.625 -5.625 1
9800 -2900 15.625 -5.625 1
9800 -2900 15.625 -5.625 1
9800 -2900 15.625 -5.625 1
9800 -2900 15.625 -5.625 1
9800 -2900 15.625 -5.625 1
9800 -2900 15.625 -5.625 1
9800 -2900 15.625 -5.625 1
9800 -2900 15.625 -5.625 1
9800 -2900 15.625 -5.625 1
9800 -2900 15.625 -5.625 1
9800 -2900 15.625 -5.625 1
9800 -2900 15.625 -5.625 1
9800 -2900 15.625 -5.625 1
9800 -2900 15.625 -5.625 1
9800 -2900 15.625 -5.625 1
9800 -2900 15.625 -5.625 1
9800 -2900 15.625 -5.625 1
9800 -2900 15.625 -5.625 1
9800 -2900 15.625 -5.625 1
9800 -2900 15.625 -5.625 1
10000 -3000 15.9375 -5.833333333333333 1
10000 -3000 15.9375 -5.833333333333333 1
10000 -3000 15.9375 -5.833333333333333 1
10000 -3000 15.9375 -5.833333333333333 1
10000 -3000 15.9375 -5.833333333333333 1
10000 -3000 15.9375 -5.833333333333333 1
10000 -3000 15.9375 -5.833333333333333 1
10000 -3000 15.9375 -5.833333333333333 1
10000 -3000 15.9375 -5.833333333333333 1
10000 -3000 15.9375 -5.833333333333333 1
10000 -3000 15.9375 -5.833333333333333 1
10000 -3000 15.9375 -5.833333333333333 1
10000 -3000 15.9375 -5.833333333333333 1
10000 -3000 15.9375 -5.833333333333333 1
10000 -3000 15.9375 -5.833333333333333 1
10000 -3000 15.9375 -5.833333333333333 1
10000 -3000 15.9375 -5.833333333333333 1
10000 -3000 15.9375 -5.833333333333333 1
10000 -3000 15.9375 -5.833333333333333 1
10000 -3000 15.9375 -5.833333333333333 1
10000 -3000 15.9375 -5.833333333333333 1
10000 -3000 15.9375 -5.833333333333333 1
10000 -3000 15.9375 -5.833333333333333 1
10000 -3000 15.9375 -5.833333333333333 1
10000 -3000 15.9375 -5.833333333333333 1
10100 -3000 16.09375 -5.833333333333333 1
10100 -3000 16.09375 -5.833333333333333 1
10100 -3000 16.09375 -5.833333333333333 1
10100 -3000 16.09375 -5.833333333333333 1
10100 -3000 16.09375 -5.833333333333333 1
10100 -3000 16.09375 -5.833333333333333 1
10100 -3000 16.09375 -5.833333333333333 1
10100 -3000 16.09375 -5.833333333333333 1
10100 -3000 16.09375 -5.833333333333333 1
10100 -3000 16.09375 -5.833333333333333 1
10100 -3000 16.09375 -5.833333333333333 1
10100 -3000 16.09375 -5.833333333333333 1
10100 -3000 16.09375 -5.833333333333333 1
10100 -3000 16.09375 -5.833333333333333 1
10100 -3000 16.09375 -5.833333333333333 1
10100 -3000 16.09375 -5.833333333333333 1
10100 -3000 16.09375 -5.833333333333333 1
10100 -3000 16.09375 -5.833333333333333 1
10100 -3000 16.09375 -5.833333333333333 1
10100 -3000 16.09375 -5.833333333333333 1
10100 -3000 16.09375 -5.833333333333333 1
10100 -3000 16.09375 -5.833333333333333 1
10100 -3000 16.09375 -5.833333333333333 1
10100 -3000 16.09375 -5.833333333333333 1
10100 -3000 16.09375 -5.833333333333333 1
10200 -3100 16.25 -6.041666666666667 1
10200 -3100 16.25 -6.041666666666667 1
10200 -3100 16.25 -6.041666666666667 1
10200 -3100 16.25 -6.041666666666667 1
10200 -3100 16.25 -6.041666666666667 1
10200 -3100 16.25 -6.041666666666667 1
10200 -3100 16.25 -6.041666666666667 1
10200 -3100 16.25 -6.041666666666667 1
10200 -3100 16.25 -6.041666666666667 1
10200 -3100 16.25 -6.041666666666667 1
10200 -3100 16.25 -6.041666666666667 1
10200 -3100 16.25 -6.041666666666667 1
10200 -3100 16.25 -6.041666666666667 1
10200 -3100 16.25 -6.041666666666667 1
10200 -3100 16.25 -6.041666666666667 1
10200 -3100 16.25 -6.041666666666667 1
10200 -3100 16.25 -6.041666666666667 1
10200 -3100 16.25 -6.041666666666667 1
10200 -3100 16.25 -6.041666666666667 1
10200 -3100 16.25 -6.041666666666667 1
10200 -3100 16.25 -6.041666666666667 1
10200 -3100 16.25 -6.041666666666667 1
10200 -3100 16.25 -6.041666666666667 1
10200 -3100 16.25 -6.041666666666667 1
10200 -3100 16.25 -6.041666666666667 1
10400 -3200 16.5625 -6.25 1
10400 -3200 16.5625 -6.25 1
10400 -3200 16.5625 -6.25 1
10400 -3200 16.5625 -6.25 1
10400 -3200 16.5625 -6.25 1
10400 -3200 16.5625 -6.25 1
10400 -3200 16.5625 -6.25 1
10400 -3200 16.5625 -6.25 1
10400 -3200 16.5625 -6.25 1
10400 -3200 16.5625 -6.25 1
10400 -3200 16.5625 -6.25 1
10400 -3200 16.5625 -6.25 1
10400 -3200 16.5625 -6.25 1
10400 -3200 16.5625 -6.25 1
10400 -3200 16.5625 -6.25 1
10400 -3200 16.5625 -6.25 1
10400 -3200 16.5625 -6.25 1
10400 -3200 16.5625 -6.25 1
10400 -3200 16.5625 -6.25 1
10400 -3200 16.5625 -6.25 1
10400 -3200 16.5625 -6.25 1
10400 -3200 16.5625 -6.25 1
10400 -3200 16.5625 -6.25 1
10400 -3200 16.5625 -6.25 1
10400 -3200 16.5625 -6.25 1
10500 -3300 16.71875 -6.458333333333333 1
10500 -3300 16.71875 -6.458333333333333 1
10500 -3300 16.71875 -6.458333333333333 1
10500 -3300 16.71875 -6.458333333333333 1
10500 -3300 16.71875 -6.458333333333333 1
10500 -3300 16.71875 -6.458333333333333 1
10500 -3300 16.71875 -6.458333333333333 1
10500 -3300 16.71875 -6.458333333333333 1
10500 -3300 16.71875 -6.458333333333333 1
10500 -3300 16.71875 -6.458333333333333 1
10500 -3300 16.71875 -6.458333333333333 1
10500 -3300 16.71875 -6.458333333333333 1
10500 -3300 16.71875 -6.458333333333333 1
10500 -3300 16.71875 -6.458333333333333 1
10500 -3300 16.71875 -6.458333333333333 1
10500 -3300 16.71875 -6.458333333333333 1
10500 -3300 16.71875 -6.458333333333333 1
10500 -3300 16.71875 -6.458333333333333 1
10500 -3300 16.71875 -6.458333333333333 1
10500 -3300 16.71875 -6.458333333333333 1
10500 -3300 16.71875 -6.458333333333333 1
10500 -3300 16.71875 -6.458333333333333 1
10500 -3300 16.71875 -6.458333333333333 1
10500 -3300 16.71875 -6.458333333333333 1
10500 -3300 16.71875 -6.458333333333333 1
10700 -3400 17.03125 -6.666666666666667 1
10700 -3400 17.03125 -6.666666666666667 1
10700 -3400 17.03125 -6.666666666666667 1
10700 -3400 17.03125 -6.666666666666667 1
10700 -3400 17.03125 -6.666666666666667 1
10700 -3400 17.03125 -6.666666666666667 1
10700 -3400 17.03125 -6.666666666666667 1
10700 -3400 17.03125 -6.666666666666667 1
10700 -3400 17.03125 -6.666666666666667 1
10700 -3400 17.03125 -6.666666666666667 1
10700 -3400 17.03125 -6.666666666666667 1
10700 -3400 17.03125 -6.666666666666667 1
10700 -3400 17.03125 -6.666666666666667 1
10700 -3400 17.03125 -6.666666666666667 1
10700 -3400 17.03125 -6.666666666666667 1
10700 -3400 17.03125 -6.666666666666667 1
10700 -3400 17.03125 -6.666666666666667 1
10700 -3400 17.03125 -6.666666666666667 1
10700 -3400 17.03125 -6.666666666666667 1
10700 -3400 17.03125 -6.666666666666667 1
10700 -3400 17.03125 -6.666666666666667 1
10700 -3400 17.03125 -6.666666666666667 1
10700 -3400 17.03125 -6.666666666666667 1
10700 -3400 17.03125 -6.666666666666667 1
10700 -3400 17.03125 -6.666666666666667 1
10900 -3500 17.34375 -6.875 1
10900 -3500 17.34375 -6.875 1
10900 -3500 17.34375 -6.875 1
10900 -3500 17.34375 -6.875 1
10900 -3500 17.34375 -6.875 1
10900 -3500 17.34375 -6.875 1
10900 -3500 17.34375 -6.875 1
10900 -3500 17.34375 -6.875 1
10900 -3500 17.34375 -6.875 1
10900 -3500 17.34375 -6.875 1
10900 -3500 17.34375 -6.875 1
10900 -3500 17.34375 -6.875 1
10900 -3500 17.34375 -6.875 1
10900 -3500 17.34375 -6.875 1
10900 -3500 17.34375 -6.875 1
10900 -3500 17.34375 -6.875 1
10900 -3500 17.34375 -6.875 1
10900 -3500 17.34375 -6.875 1
10900 -3500 17.34375 -6.875 1
10900 -3500 17.34375 -6.875 1
10900 -3500 17.34375 -6.875 1
10900 -3500 17.34375 -6.875 1
10900 -3500 17.34375 -6.875 1
10900 -3500 17.34375 -6.875 1
10900 -3500 17.34375 -6.875 1
11100 -3700 17.65625 -7.291666666666667 1
11100 -3700 17.65625 -7.291666666666667 1
11100 -3700 17.65625 -7.291666666666667 1
11100 -3700 17.65625 -7.291666666666667 1
11100 -3700 17.65625 -7.291666666666667 1
11100 -3700 17.65625 -7.291666666666667 1
11100 -3700 17.65625 -7.291666666666667 1
11100 -3700 17.65625 -7.291666666666667 1
11100 -3700 17.65625 -7.291666666666667 1
11100 -3700 17.65625 -7.291666666666667 1
11100 -3700 17.65625 -7.291666666666667 1
11100 -3700 17.65625 -7.291666666666667 1
11100 -3700 17.65625 -7.291666666666667 1
11100 -3700 17.65625 -7.291666666666667 1
11100 -3700 17.65625 -7.291666666666667 1
11100 -3700 17.65625 -7.291666666666667 1
11100 -3700 17.65625 -7.291666666666667 1
11100 -3700 17.65625 -7.291666666666667 1
11100 -3700 17.65625 -7.291666666666667 1
11100 -3700 17.65625 -7.291666666666667 1
11100 -3700 17.65625 -7.291666666666667 1
11100 -3700 17.65625 -7.291666666666667 1
11100 -3700 17.65625 -7.291666666666667 1
11100 -3700 17.65625 -7.291666666666667 1
11100 -3700 17.65625 -7.291666666666667 1
11200 -3700 17.8125 -7.291666666666667 1
11200 -3700 17.8125 -7.291666666666667 1
11200 -3700 17.8125 -7.291666666666667 1
11200 -3700 17.8125 -7.291666666666667 1
11200 -3700 17.8125 -7.291666666666667 1
11200 -3700 17.8125 -7.291666666666667 1
11200 -3700 17.8125 -7.291666666666667 1
11200 -3700 17.8125 -7.291666666666667 1
11200 -3700 17.8125 -7.291666666666667 1
11200 -3700 17.8125 -7.291666666666667 1
11200 -3700 17.8125 -7.291666666666667 1
11200 -3700 17.8125 -7.291666666666667 1
11200 -3700 17.8125 -7.291666666666667 1
11200 -3700 17.8125 -7.291666666666667 1
11200 -3700 17.8125 -7.291666666666667 1
11200 -3700 17.8125 -7.291666666666667 1
11200 -3700 17.8125 -7.291666666666667 1
11200 -3700 17.8125 -7.291666666666667 1
11200 -3700 17.8125 -7.291666666666667 1
11200 -3700 17.8125 -7.291666666666667 1
11200 -3700 17.8125 -7.291666666666667 1
11200 -3700 17.8125 -7.291666666666667 1
11200 -3700 17.8125 -7.291666666666667 1
11200 -3700 17.8125 -7.291666666666667 1
11200 -3700 17.8125 -7.291666666666667 1
11300 -3800 17.96875 -7.5 1
11300 -3800 17.96875 -7.5 1
11300 -3800 17.96875 -7.5 1
11300 -3800 17.96875 -7.5 1
11300 -3800 17.96875 -7.5 1
11300 -3800 17.96875 -7.5 1
11300 -3800 17.96875 -7.5 1
11300 -3800 17.96875 -7.5 1
11300 -3800 17.96875 -7.5 1
11300 -3800 17.96875 -7.5 1
11300 -3800 17.96875 -7.5 1
11300 -3800 17.96875 -7.5 1
11300 -3800 17.96875 -7.5 1
11300 -3800 17.96875 -7.5 1
11300 -3800 17.96875 -7.5 1
11300 -3800 17.96875 -7.5 1
11300 -3800 17.96875 -7.5 1
11300 -3800 17.96875 -7.5 1
11300 -3800 17.96875 -7.5 1
11300 -3800 17.96875 -7.5 1
11300 -3800 17.96875 -7.5 1
11300 -3800 17.96875 -7.5 1
11300 -3800 17.96875 -7.5 1
11300 -3800 17.96875 -7.5 1
11300 -3800 17.96875 -7.5 1
11600 -4000 18.4375 -7.916666666666667 1
11600 -4000 18.4375 -7.916666666666667 1
11600 -4000 18.4375 -7.916666666666667 1
11600 -4000 18.4375 -7.916666666666667 1
11600 -4000 18.4375 -7.916666666666667 1
11600 -4000 18.4375 -7.916666666666667 1
11600 -4000 18.4375 -7.916666666666667 1
11600 -4000 18.4375 -7.916666666666667 1
11600 -4000 18.4375 -7.916666666666667 1
11600 -4000 18.4375 -7.916666666666667 1
11600 -4000 18.4375 -7.916666666666667 1
11600 -4000 18.4375 -7.916666666666667 1
11600 -4000 18.4375 -7.916666666666667 1
11600 -4000 18.4375 -7.916666666666667 1
11600 -4000 18.4375 -7.916666666666667 1
11600 -4000 18.4375 -7.916666666666667 1
11600 -4000 18.4375 -7.916666666666667 1
11600 -4000 18.4375 -7.916666666666667 1
11600 -4000 18.4375 -7.916666666666667 1
11600 -4000 18.4375 -7.916666666666667 1
11600 -4000 18.4375 -7.916666666666667 1
11600 -4000 18.4375 -7.916666666666667 1
11600 -4000 18.4375 -7.916666666666667 1
11600 -4000 18.4375 -7.916666666666667 1
11600 -4000 18.4375 -7.916666666666667 1
11700 -4100 18.59375 -8.125 1
11700 -4100 18.59375 -8.125 1
11700 -4100 18.59375 -8.125 1
11700 -4100 18.59375 -8.125 1
11700 -4100 18.59375 -8.125 1
11700 -4100 18.59375 -8.125 1
11700 -4100 18.59375 -8.125 1
11700 -4100 18.59375 -8.125 1
11700 -4100 18.59375 -8.125 1
11700 -4100 18.59375 -8.125 1
11700 -4100 18.59375 -8.125 1
11700 -4100 18.59375 -8.125 1
11700 -4100 18.59375 -8.125 1
11700 -4100 18.59375 -8.125 1
11700 -4100 18.59375 -8.125 1
11700 -4100 18.59375 -8.125 1
11700 -4100 18.59375 -8.125 1
11700 -4100 18.59375 -8.125 1
11700 -4100 18.59375 -8.125 1
11700 -4100 18.59375 -8.125 1
11700 -4100 18.59375 -8.125 1
11700 -4100 18.59375 -8.125 1
11700 -4100 18.59375 -8.125 1
11700 -4100 18.59375 -8.125 1
11700 -4100 18.59375 -8.125 1
12000 -4300 19.0625 -8.541666666666666 1
12000 -4300 19.0625 -8.541666666666666 1
12000 -4300 19.0625 -8.541666666666666 1
12000 -4300 19.0625 -8.541666666666666 1
12000 -4300 19.0625 -8.541666666666666 1
12000 -4300 19.0625 -8.541666666666666 1
12000 -4300 19.0625 -8.541666666666666 1
12000 -4300 19.0625 -8.541666666666666 1
12000 -4300 19.0625 -8.541666666666666 1
12000 -4300 19.0625 -8.541666666666666 1
12000 -4300 19.0625 -8.541666666666666 1
12000 -4300 19.0625 -8.541666666666666 1
12000 -4300 19.0625 -8.541666666666666 1
12000 -4300 19.0625 -8.541666666666666 1
12000 -4300 19.0625 -8.541666666666666 1
12000 -4300 19.0625 -8.541666666666666 1
12000 -4300 19.0625 -8.541666666666666 1
12000 -4300 19.0625 -8.541666666666666 1
12000 -4300 19.0625 -8.541666666666666 1
12000 -4300 19.0625 -8.541666666666666 1
12000 -4300 19.0625 -8.541666666666666 1
12000 -4300 19.0625 -8.541666666666666 1
12000 -4300 19.0625 -8.541666666666666 1
12000 -4300 19.0625 -8.541666666666666 1
12000 -4300 19.0625 -8.541666666666666 1
12100 -4400 19.21875 -8.75 1
12100 -4400 19.21875 -8.75 1
12100 -4400 19.21875 -8.75 1
12100 -4400 19.21875 -8.75 1
12100 -4400 19.21875 -8.75 1
12100 -4400 19.21875 -8.75 1
12100 -4400 19.21875 -8.75 1
12100 -4400 19.21875 -8.75 1
12100 -4400 19.21875 -8.75 1
12100 -4400 19.21875 -8.75 1
12100 -4400 19.21875 -8.75 1
12100 -4400 19.21875 -8.75 1
12100 -4400 19.21875 -8.75 1
12100 -4400 19.21875 -8.75 1
12100 -4400 19.21875 -8.75 1
12100 -4400 19.21875 -8.75 1
12100 -4400 19.21875 -8.75 1
12100 -4400 19.21875 -8.75 1
12100 -4400 19.21875 -8.75 1
12100 -4400 19.21875 -8.75 1
12100 -4400 19.21875 -8.75 1
12100 -4400 19.21875 -8.75 1
12100 -4400 19.21875 -8.75 1
12100 -4400 19.21875 -8.75 1
12100 -4400 19.21875 -8.75 1
12300 -4600 19.53125 -9.166666666666666 1
12300 -4600 19.53125 -9.166666666666666 1
12300 -4600 19.53125 -9.166666666666666 1
12300 -4600 19.53125 -9.166666666666666 1
12300 -4600 19.53125 -9.166666666666666 1
12300 -4600 19.53125 -9.166666666666666 1
12300 -4600 19.53125 -9.166666666666666 1
12300 -4600 19.53125 -9.166666666666666 1
12300 -4600 19.53125 -9.166666666666666 1
12300 -4600 19.53125 -9.166666666666666 1
12300 -4600 19.53125 -9.166666666666666 1
12300 -4600 19.53125 -9.166666666666666 1
12300 -4600 19.53125 -9.166666666666666 1
12300 -4600 19.53125 -9.166666666666666 1
12300 -4600 19.53125 -9.166666666666666 1
12300 -4600 19.53125 -9.166666666666666 1
12300 -4600 19.53125 -9.166666666666666 1
12300 -4600 19.53125 -9.166666666666666 1
12300 -4600 19.53125 -9.166666666666666 1
12300 -4600 19.53125 -9.166666666666666 1
12300 -4600 19.53125 -9.166666666666666 1
12300 -4600 19.53125 -9.166666666666666 1
12300 -4600 19.53125 -9.166666666666666 1
12300 -4600 19.53125 -9.166666666666666 1
12300 -4600 19.53125 -9.166666666666666 1
