0.737757666494115 -0.18687781789189967 -20.250000000000004 
0.773863500349412 -0.2001979632384101 -20.250000000000004 
0.7970743935421029 -0.2087609138183097 -22.500000000000004 
0.8072329795745908 -0.21296873792750012 -22.500000000000004 
0.8199312121152008 -0.21822851806398816 -20.250000000000004 
0.8431421053078917 -0.22679146864388774 -22.500000000000004 
0.8431421053078917 -0.22679146864388774 -22.500000000000004 
0.8533006913403797 -0.23099929275307818 -22.500000000000004 
0.8685385703891116 -0.23731102891686381 -22.500000000000004 
0.8913953889622097 -0.24677863316254228 -24.750000000000004 
0.9013809446937477 -0.25138203740784726 -24.750000000000004 
0.9138628893581704 -0.25713629271447846 -27.0 
0.93590642831986 -0.26836803681238136 -24.750000000000004 
0.9608703176487052 -0.2798765474256437 -24.750000000000004 
0.9708558733802433 -0.2844799516709487 -29.25 -
0.9828478667069585 -0.2911957906201508 -26.999999999999996 
1.0048914056686482 -0.30242753471805367 -29.25 
1.0144850003300203 -0.3078002058774153 -29.25 
1.0264769936567355 -0.3145160448266174 -31.5 
1.0499151643260265 -0.3288789742853172 -31.5 
1.056946615526814 -0.33318785312292715 -33.75 
1.0729459658341824 -0.3438782772188984 -31.5 
1.0940403194365445 -0.35680491373172823 -33.75 
1.1146109126888755 -0.3705497447122627 -36.0 
1.1235065191504272 -0.3770127811189793 -36.0 
1.134626027227367 -0.38509157662737503 -33.75 
1.166624727842104 -0.40647242481931756 -38.25 
1.1774184911580805 -0.41498154170758983 -36.0 
1.2063292121581235 -0.4359864100294188 -38.25 -
1.2171229754741 -0.44449552691769106 -40.5 
1.2380257261827554 -0.46234816257101147 -40.5 
1.2442965513953521 -0.4677039532670076 -42.75 