1.2442965513953521 -0.4677039532670076 -42.75
0.008246680715673207 0.0 -6.75
0.02735555720007147 -0.0022616845743005896 -9.0
0.0382157577220464 -0.003981771355785825 -9.0
0.05450605850500878 -0.006561901528013678 -9.0
0.07622645954895862 -0.01000207509098415 -9.0
0.08980171020142728 -0.012152183567840695 -11.25
0.10058600761225056 -0.01429731369635387 -11.25
0.12485067678660294 -0.019123856485508513 -13.5
0.151580091023417 -0.025541021086421214 -13.5
0.1595989152944612 -0.027466170466695024 -15.75
0.17282735035806288 -0.031196975005621637 -13.5
0.19688382317119552 -0.03697242314644307 -15.75
0.20746657122207685 -0.03995706677758436 -15.75
0.2471518764128818 -0.0511494803943642 -18.0
0.2732954078543704 -0.05964402868878811 -18.0
0.28113846728681696 -0.062192393177115286 -20.25
0.30692834861202906 -0.07170678271033704 2.2500000000000004
0.3261557685340123 -0.07095133532412091 18.0
0.33138447482231004 -0.06925242566523614 18.0
0.3470705936872032 -0.06415569668858179 22.500000000000004
0.3546895332115692 -0.06099982860668897 20.250000000000004
0.3701634620066965 -0.05529119488675592 20.250000000000004
0.3907953670668662 -0.04767968326017852 20.250000000000004
0.401111319596951 -0.04387392744688982 20.250000000000004
0.4165852483920783 -0.03816529372695677 20.250000000000004
0.4397961415847692 -0.029602343147057196 18.000000000000004
0.45025355416136464 -0.02620452382928763 18.000000000000004
0.46593967302625783 -0.02110779485263328 18.000000000000004
0.4868544981794487 -0.014312156217094144 18.000000000000004
0.499926263900193 -0.010064882069882184 15.750000000000004
0.523737447014676 -0.0033494338998142775 27.0
0.5604766786174921 0.015370139596690535 15.75
0.568413739655653 0.017608622320046504 13.5
0.5764325639266972 0.019533771700320314 20.25
0.5893275045893033 0.02429096646693119 31.5
0.6080780411247362 0.03578131003389104 36.0
0.6147497459708999 0.04062858733892849 33.75
0.6284634748057872 0.049791807992618134 33.75
0.646748446585637 0.062009435530871 33.75
0.6581765539480432 0.06964545274227904 31.5
0.6722394563496179 0.07826321041749892 31.5
0.7144281635543419 0.10411648344315859 31.5
0.7261472488889874 0.1112979481725085 29.25
0.7357408435503595 0.11667061933187016 29.25
0.766920026199819 0.13413180059979551 26.999999999999996
0.7816157188409455 0.14161962999839744 26.999999999999996
0.8232535146574704 0.16283514662776957 29.249999999999993
0.8352455079841856 0.16955098557697162 40.49999999999999
0.8394260581259168 0.1731215127076357 45.0
0.868582477407581 0.2022779319893 42.75
0.8766567751111117 0.20974173601326146 42.75
0.8827124983887598 0.21533958903123257 49.5
0.893424079780752 0.22788123945642585 54.0
0.9176604663059392 0.2612397636872448 42.75
0.92573476400947 0.26870356771120624 42.75
0.9358276361388833 0.2780333227411581 40.5
0.9567303868475387 0.2958859583944785 40.5
0.9630012120601353 0.30124174909047463 38.25
0.9975412546712602 0.32847092313294596 38.25
1.0148112759768226 0.34208551015418165 38.25
1.0256050392927991 0.3505946270424539 36.0
1.0367245473697388 0.35867342255084966 33.75
1.0641520050395135 0.376999863858229 42.75
1.0762634515948095 0.3881955698941712 42.75
1.0823191748724574 0.3937934229121423 49.5
1.0823191748724574 0.3937934229121423 49.5
1.142039746934998 0.4620554938008766 47.25
1.15136950196495 0.47214836593029 49.5
1.1620810833569422 0.4846900163554833 49.5
1.1799337190102626 0.5055927670641388 49.5
1.1870747732715907 0.513953867347601 49.5
1.196001091098251 0.5244052427019287 47.25
1.2127946501521643 0.5425724125348728 45.0
1.2205696952939413 0.5503474576766499 45.0
1.232232263006607 0.5620100253893157 45.0
1.2516698758610498 0.5814476382437586 45.0
1.2691637274300485 0.5989414898127571 42.75
1.277238025133579 0.6064052938367186 42.75
1.277238025133579 0.6064052938367186 42.75
1.3082336479716479 0.6335876845199908 40.5
1.3145044731842446 0.6389434752159869 38.25
1.3274569891634165 0.6491544154819137 38.25
1.3490445157953694 0.6661726492584582 38.25
1.3576795264481507 0.672979942769076 38.25
1.3684732897641272 0.6814890596573483 36.0
1.3862645026872307 0.6944151324707815 36.0
1.3973840107641704 0.7024939279791772 33.75
1.4316683328513888 0.7254019796134014 36.0
1.45168344738988 0.7399438115285137 33.75
1.4631115547522862 0.7475798287399218 31.5
1.4724868230200026 0.7533250005234017 31.5
1.500612627823152 0.7705605158738414 36.0
1.5072843326693157 0.7754077931788789 29.25
1.5300468399730602 0.7907476102601542 38.25
1.5516343666050132 0.8077658440366987 38.25
1.5602693772577945 0.8145731375473165 38.25
1.5732218932369664 0.8247840778132433 38.25
1.6120794411744819 0.8554168986110235 38.25
1.6228732044904584 0.8639260154992958 31.5
1.636936106892033 0.8725437731745157 31.5
1.660374277561324 0.8869067026332155 31.5
1.681468631163686 0.8998333391460454 29.25
1.6934606244904011 0.9065491780952474 26.999999999999996
1.7081563171315275 0.9140370074938493 22.5
1.7462510147533574 0.9298163479033134 20.25
1.7591459554159634 0.9345735426699242 22.500000000000004
1.7820027739890614 0.9440411469156027 20.250000000000004
1.7923187265191463 0.9478469027288914 20.250000000000004
1.7974767027841887 0.9497497806355357 24.750000000000004
1.8299297589116874 0.9647108444327768 18.000000000000004
1.856073290353176 0.9732053927272006 18.000000000000004
1.8691450560739202 0.9774526668744126 20.250000000000004
1.9078298780617384 0.9917242511742452 18.000000000000004
1.933973409503227 1.000218799468669 18.000000000000004
1.9444308220798225 1.0036166187864386 18.000000000000004
1.9601169409447157 1.008713347763093 18.000000000000004
1.9836461192420554 1.0163584412280744 15.750000000000004
1.9942288672929367 1.0193430848592158 15.750000000000004
2.0074573023565385 1.0230738893981424 13.500000000000004
2.0341867165933527 1.0294910539990552 13.500000000000004
2.044878482288078 1.0320579198394202 13.500000000000004
2.044878482288078 1.0320579198394202 13.500000000000004
2.0609161308301664 1.0359082185999677 13.500000000000004
2.0822996622196177 1.0410419502806978 13.500000000000004
2.095664369338025 1.0442505325811542 11.250000000000004
0.14815424577772845 0.008089086944685745 -4.499999999999997
0.15911592437935157 0.00722638412907511 -4.499999999999997
0.15911592437935157 0.00722638412907511 -4.499999999999997
0.19200096018422091 0.004638275682243203 -4.499999999999997
0.2057030584362498 0.003559897162729908 -2.2499999999999982
0.2304240269073711 0.002588607666166326 1.987846675914698e-15
0.23592181405115323 0.002588607666166326 1.987846675914698e-15
0.2386707076230443 0.002588607666166326 2.250000000000002
0.25515135327045846 0.003236133997208715 2.2500000000000027
0.27712554746701074 0.004099502438598567 2.250000000000003
0.2826190960161488 0.00431534454894603 2.2500000000000036
0.28536587029071786 0.004423265604119761 4.5000000000000036
0.28810628994112364 0.004638941308022421 6.7500000000000036
0.293565968936666 0.005285136900679732 11.250000000000004
0.3070463407001951 0.007966549561321201 13.500000000000004
0.32842987208964636 0.013100281242051363 13.500000000000004
0.3417945792080534 0.016308863542507716 15.750000000000004
0.35502301427165506 0.02003966808143433 18.000000000000004
0.37593783942484593 0.026835306716973466 18.000000000000004
0.3837808988572925 0.02938367120530064 15.750000000000004
0.38907227288273316 0.030875993020871288 15.750000000000004
0.3917179598954535 0.03162215392865661 18.000000000000004
0.39433231303960237 0.032471608758099 20.250000000000004
0.3969113011721236 0.033423047711421176 18.000000000000004
0.407368713748719 0.03682086702919074 18.000000000000004
0.41259742003701677 0.038519776688075526 18.000000000000004
0.4178261263253145 0.04021868634696031 18.000000000000004
0.42305483261361226 0.0419175960058451 18.000000000000004
0.4335122451902077 0.04531541532361466 27.0
0.4335122451902077 0.04531541532361466 27.0
0.4335122451902077 0.04531541532361466 27.0
0.008246680715673207 0.0 6.75
0.016436199208986747 0.0009692933889859668 13.5
0.01910914063266815 0.001611009849077237 15.75
0.03498326270899013 0.006087975295789173 15.75
0.08260562893795607 0.01951887163592498 15.75
0.09583406400155772 0.023249676174851592 13.5
0.12256347823837177 0.029666840775764293 26.999999999999996
0.1568534277343335 0.04713844270583545 13.499999999999995
0.1568534277343335 0.04713844270583545 13.499999999999995
0.1702181348527405 0.0503470250062918 11.249999999999995
0.18639458096897543 0.053564720199061555 11.249999999999995
0.21065925014332781 0.058391262988216196 13.499999999999995
0.22402395726173482 0.061599845288672544 11.249999999999995
0.23480825467255811 0.06374497541718571 11.249999999999995
0.2617689981996163 0.06910780073846864 11.249999999999995
0.25637684949420464 0.06803523567421206 20.249999999999993
0.2744297664218531 0.07469530834746728 22.499999999999993
0.3074451710274392 0.08837073670233615 20.24999999999999
0.317761123557524 0.09217649251562485 24.74999999999999
0.3402286239534847 0.10253415206756099 26.999999999999993
0.35002575238090233 0.1075260383332956 26.999999999999993
0.35737359870146557 0.11126995303259657 33.749999999999986
0.37337294900883417 0.12196037712856782 40.49999999999998
0.388004874504893 0.13445722208589211 42.74999999999998
0.4102091931896025 0.15498268315178615 44.99999999999998
0.4082654319041582 0.15303892186634185 65.24999999999999
0.4082654319041582 0.15303892186634185 74.24999999999999
0.42020400642872335 0.19536991406986715 74.24999999999999
0.42691945459879127 0.2191810971843501 71.99999999999999
0.432865638404888 0.23748156919339214 83.24999999999999
0.4344811273865313 0.25113076668224804 89.99999999999999
0.4344811273865313 0.25937744739792123 92.24999999999999
0.4338336010554889 0.27585809304533543 92.24999999999999
0.4327543905037516 0.30332583579102573 92.24999999999999
0.43232270628305663 0.31431293288930184 92.24999999999999
0.43199894311753545 0.3225532557130089 98.99999999999999
0.4264086610777085 0.35784890740942743 92.24999999999999
0.4254373715811449 0.3825698758805487 89.99999999999999
0.4254373715811449 0.396314343740004 87.74999999999999
0.4269482663535772 0.43476918358397043 92.24999999999999
0.42597697685701363 0.4594901520550917 94.49999999999999
0.425114274041403 0.4704518306567148 94.49999999999999
0.4248985983375003 0.4731922503071206 92.24999999999999
0.42392730884093677 0.49791321877824185 112.49999999999999
0.41866752870444873 0.5106114513188519 119.24999999999999
0.4159811931247679 0.5154082486495379 123.74999999999999
0.40681797247107826 0.5291219774844252 123.74999999999999
0.38543712427913573 0.5611206780991624 123.74999999999999
